ID_number	Name
024137087	
516700538	
395707485	
071651149	
670589583	
646337373	
472873965	
564878301	
207711902	
851972888	
826315591	
520583868	
220664596	
933531778	
415901490	
843648301	
500098232	
118389695	
432556495	
057032143	
206226334	
090117130	
436694918	
419362083	
050319554	
728210435	
815801909	
104874703	
481291679	
174430396	
898664770	
682116743	
038087166	
708600608	
374100927	vfvsx
112571714	
599725959	
928455662	
098049093	
682131677	
405833370	
473091169	Relâmpago
968976655	
312200760	
528809918	
686862345	
755314133	
987247885	
120213052	
689560163	
725764167	
940409637	
941605665	
096214065	
006672328	
250561212	
494141194	Relâmpago
852042052	Relâmpago Marquin
797217941	Relâmpago Marquin
646329715	Relâmpago Marquin
970956781	Relâmpago Marquin
708013487	sfsfsdf
350454372	Relâmpago Marquin
032462095	Relâmpago Marquin
929901137	
607819501	
000708721	
000048475	
000800699	
000547723	
000057731	
000405528	
000271874	
000373408	
000176050	
000345873	
000624400	
000154501	
000241160	
000946793	
000428148	
000421447	
000650399	
000952096	
000546809	Relâmpago Marquin
000930738	
000171049	
000571013	Relâmpago Marquin
000436464	João
000539229	
000090113	
000985160	
000017192	
000847432	
000051688	
000325135	
000864247	
000025484	
000710776	
000114151	
000442654	
000590196	
000529123	
0181226ot	
000130864	
000476877	
000541668	Relâmpago Marquin
000994021	Relâmpago Marquin
